frame_id: map
goals:
- name: goal_1
  x: -3.9174106121063232
  y: 0.5582261085510254
  yaw: -2.9437060356140137
- name: goal_2
  x: -2.7165775299072266
  y: -4.317895889282227
  yaw: -1.5805304050445557
- name: goal_3
  x: -2.3495168685913086
  y: 0.4351944923400879
  yaw: 1.5363682508468628
- name: goal_4
  x: -0.00000570297241211
  y: -0.000000572814941406
  yaw: 0.000002811387181282
