image: map.pgm
resolution: 0.05
origin: [-28.642358779907227, -6.704067707061768, 0.0]
negate: 0
occupied_thresh: 0.65
free_thresh: 0.196
