image: map.pgm
resolution: 0.05
origin: [-4.0906267166137695, -1.7266713380813599, 0.0]
negate: 0
occupied_thresh: 0.65
free_thresh: 0.196
