image: map.pgm
resolution: 0.05
origin: [-6.422282695770264, -29.4385986328125, 0.0]
negate: 0
occupied_thresh: 0.65
free_thresh: 0.196
