image: map.pgm
resolution: 0.05
origin: [-6.413632392883301, -29.39398956298828, 0.0]
negate: 0
occupied_thresh: 0.65
free_thresh: 0.196
