image: map_20260324.pgm
resolution: 0.05
origin: [-21.768625259399414, -13.193852424621582, 0.0]
negate: 0
occupied_thresh: 0.65
free_thresh: 0.196
