image: map_415_20260415.pgm
resolution: 0.05
origin: [-49.19276809692383, -26.903793334960938, 0.0]
negate: 0
occupied_thresh: 0.65
free_thresh: 0.196
