image: map_corridor2_20260407.pgm
resolution: 0.05
origin: [-13.281105041503906, -10.857939720153809, 0.0]
negate: 0
occupied_thresh: 0.65
free_thresh: 0.196
